%YAML:1.0
---
points_xyz: !!opencv-matrix
   rows: 15
   cols: 3
   dt: f
   data: [ 0., 0., 0., 0., 3.70000005e+00, 0., 2.18299999e+01, 0., 0.,
       9.52999973e+00, -3.51999998e+00, 0., 0., -3.51999998e+00, 0.,
       9.63000011e+00, 0., 0., 1.93999996e+01, 3.70000005e+00, 0.,
       1.29099998e+01, 0., 0., 9.70000029e-01, 0., 0., 7.65000010e+00,
       3.70000005e+00, 0., 3.29999995e+00, 3.70000005e+00, 0.,
       2.85999990e+00, -3.51999998e+00, 0., 1.92800007e+01,
       -3.51999998e+00, 0., -2.66000009e+00, 0., 0., 5.07999992e+00, 0.,
       0. ]
points_cTV: !!opencv-matrix
   rows: 15
   cols: 1
   dt: "2f"
   data: [ 824., 276., 871., 276., 824., 559., 780., 394., 780., 276.,
       824., 401., 868., 528., 824., 441., 824., 286., 870., 378., 870.,
       319., 780., 308., 780., 523., 824., 243., 824., 339. ]
points_c0: !!opencv-matrix
   rows: 15
   cols: 1
   dt: "2f"
   data: [ 1486., 509., .Nan, .Nan, .Nan, .Nan, 649., 469., 1283., 449.,
       510., 533., .Nan, .Nan, 262., 536., 1393., 512., 467., 703.,
       1345., 712., 1090., 454., 124., 486., .Nan, .Nan, 928., 525. ]
points_c1: !!opencv-matrix
   rows: 15
   cols: 1
   dt: "2f"
   data: [ 1043., 196., 1301., 285., .Nan, .Nan, 266., 291., 880., 136.,
       303., 472., .Nan, .Nan, .Nan, .Nan, 1010., 209., 762., 654.,
       1150., 389., 759., 168., .Nan, .Nan, 1150., 157., 769., 302. ]
points_c2: !!opencv-matrix
   rows: 15
   cols: 1
   dt: "2f"
   data: [ 533., 253., 702., 178., .Nan, .Nan, 1103., 882., 282., 359.,
       1283., 502., .Nan, .Nan, .Nan, .Nan, 571., 265., 1164., 277.,
       862., 212., 397., 434., .Nan, .Nan, 430., 216., 820., 348. ]
points_c3: !!opencv-matrix
   rows: 15
   cols: 1
   dt: "2f"
   data: [ 957., 399., 662., 630., 171., 143., 604., 194., 1082., 301.,
       420., 226., .Nan, .Nan, 335., 197., 883., 376., 187., 310., 382.,
       436., 913., 261., .Nan, .Nan, 1300., 510., 597., 284. ]
points_c4: !!opencv-matrix
   rows: 15
   cols: 1
   dt: "2f"
   data: [ 307., 473., 218., 304., 1341., 120., 1359., 298., .Nan, .Nan,
       1071., 213., 1151., 108., 1167., 180., 431., 432., 805., 180.,
       537., 237., 988., 608., 1517., 169., .Nan, .Nan, 843., 290. ]
